KF_P0 = eye(10); % TBD experimentally
KF_Q = [183.4691  -14.3972   18.5472   -0.4206    2.3747   -4.3377   -0.5559   -2.0050   -0.1050   -1.0278;
        -14.3972  192.4459  -10.7017   -2.7660    2.2692   -4.5775    0.8220    0.4044    0.4264    0.3715;
         18.5472  -10.7017   20.5508    5.6484    3.0054   -0.4133   -0.1276    0.2177   -0.0012   -0.0622;
         -0.4206   -2.7660    5.6484   21.5248   -5.2330    0.5435    0.1002    1.0507   -0.1733   -0.8278;
          2.3747    2.2692    3.0054   -5.2330   10.7634   -0.0688   -0.4134   -0.3817    0.5970    0.0777;
         -4.3377   -4.5775   -0.4133    0.5435   -0.0688    1.2965   -0.0012    0.0642   -0.0091    0.0669;
         -0.5559    0.8220   -0.1276    0.1002   -0.4134   -0.0012    0.0651    0.0224    0.0011    0.0183;
         -2.0050    0.4044    0.2177    1.0507   -0.3817    0.0642    0.0224    0.1294   -0.0182    0.0011;
         -0.1050    0.4264   -0.0012   -0.1733    0.5970   -0.0091    0.0011   -0.0182    0.1732    0.0005;
         -1.0278    0.3715   -0.0622   -0.8278    0.0777    0.0669    0.0183    0.0011    0.0005    0.2171];
KF_R = eye(6);  % TBD experimentally
KF_R(1,1) = 0.1;
KF_R(2:4,2:4) = 0.001*eye(3);
KF_R(5:6,5:6) = 0.01*eye(2);